class 1
1.00 0.96 0.92 0.96 0.94 0.72 0.73
0.96 1.00 0.90 0.95 0.95 0.71 0.72
0.92 0.90 1.00 0.92 0.91 0.78 0.78
0.96 0.95 0.92 1.00 0.96 0.79 0.79
0.94 0.95 0.91 0.96 1.00 0.76 0.78
0.72 0.71 0.78 0.79 0.76 1.00 0.93
0.73 0.72 0.78 0.79 0.78 0.93 1.00
class 2
1.00 0.96 0.95 0.96 0.93 0.78 0.76
0.96 1.00 0.91 0.93 0.94 0.75 0.75
0.95 0.91 1.00 0.95 0.92 0.83 0.81
0.96 0.93 0.95 1.00 0.95 0.86 0.84
0.93 0.94 0.92 0.95 1.00 0.82 0.84
0.78 0.75 0.83 0.86 0.82 1.00 0.94
0.76 0.75 0.81 0.84 0.84 0.94 1.00
class 3
1.00 0.96 0.97 0.96 0.92 0.79 0.75
0.96 1.00 0.93 0.93 0.94 0.76 0.75
0.97 0.93 1.00 0.96 0.92 0.83 0.79
0.96 0.93 0.96 1.00 0.95 0.87 0.83
0.92 0.94 0.92 0.95 1.00 0.84 0.85
0.79 0.76 0.83 0.87 0.84 1.00 0.93
0.75 0.75 0.79 0.83 0.85 0.93 1.00
class 4
1.00 0.94 0.97 0.96 0.88 0.75 0.67
0.94 1.00 0.92 0.91 0.93 0.72 0.71
0.97 0.92 1.00 0.96 0.88 0.79 0.72
0.96 0.91 0.96 1.00 0.92 0.85 0.77
0.88 0.93 0.88 0.92 1.00 0.80 0.83
0.75 0.72 0.79 0.85 0.80 1.00 0.90
0.67 0.71 0.72 0.77 0.83 0.90 1.00
class 5
1.00 0.92 0.97 0.95 0.84 0.70 0.57
0.92 1.00 0.91 0.88 0.91 0.67 0.65
0.97 0.91 1.00 0.95 0.85 0.74 0.61
0.95 0.88 0.95 1.00 0.88 0.82 0.68
0.84 0.91 0.85 0.88 1.00 0.75 0.78
0.70 0.67 0.74 0.82 0.75 1.00 0.84
0.57 0.65 0.61 0.68 0.78 0.84 1.00
class 6
1.00 0.88 0.98 0.79 0.68 0.24 0.23
0.88 1.00 0.87 0.73 0.79 0.27 0.33
0.98 0.87 1.00 0.83 0.73 0.29 0.28
0.79 0.73 0.83 1.00 0.88 0.58 0.55
0.68 0.79 0.73 0.88 1.00 0.58 0.66
0.24 0.27 0.29 0.58 0.58 1.00 0.92
0.23 0.33 0.28 0.55 0.66 0.92 1.00
class 7
1.00 0.92 0.97 0.71 0.66 0.31 0.29
0.92 1.00 0.91 0.70 0.73 0.32 0.33
0.97 0.91 1.00 0.78 0.73 0.36 0.35
0.71 0.70 0.78 1.00 0.94 0.64 0.63
0.66 0.73 0.73 0.94 1.00 0.64 0.66
0.31 0.32 0.36 0.64 0.64 1.00 0.97
0.29 0.33 0.35 0.63 0.66 0.97 1.00
class 8
1.00 0.92 0.97 0.80 0.75 0.48 0.47
0.92 1.00 0.92 0.80 0.81 0.49 0.50
0.97 0.92 1.00 0.85 0.80 0.53 0.52
0.80 0.80 0.85 1.00 0.95 0.74 0.73
0.75 0.81 0.80 0.95 1.00 0.74 0.76
0.48 0.49 0.53 0.74 0.74 1.00 0.97
0.47 0.50 0.52 0.73 0.76 0.97 1.00
class 9
1.00 0.93 0.98 0.88 0.82 0.61 0.59
0.93 1.00 0.93 0.86 0.87 0.62 0.61
0.98 0.93 1.00 0.91 0.86 0.65 0.64
0.88 0.86 0.91 1.00 0.96 0.81 0.80
0.82 0.87 0.86 0.96 1.00 0.82 0.82
0.61 0.62 0.65 0.81 0.82 1.00 0.97
0.59 0.61 0.64 0.80 0.82 0.97 1.00
class 10
1.00 0.95 0.94 0.93 0.88 0.64 0.65
0.95 1.00 0.89 0.89 0.91 0.57 0.64
0.94 0.89 1.00 0.92 0.86 0.72 0.72
0.93 0.89 0.92 1.00 0.94 0.75 0.78
0.88 0.91 0.86 0.94 1.00 0.66 0.76
0.64 0.57 0.72 0.75 0.66 1.00 0.89
0.65 0.64 0.72 0.78 0.76 0.89 1.00
